   0.00000000       0.00000000    
   9.99999978E-03   9.99999978E-03
   1.99999996E-02   1.90999992E-02
   2.99999993E-02   2.72899978E-02
   3.99999991E-02   3.45699973E-02
   4.99999970E-02   4.09490950E-02
   5.99999987E-02   4.64445837E-02
   7.00000003E-02   5.10810316E-02
   7.99999982E-02   5.48893884E-02
   8.99999961E-02   5.79060987E-02
   9.99999940E-02   6.01722449E-02
  0.109999999       6.17327169E-02
  0.119999997       6.26354218E-02
  0.129999995       6.29305243E-02
  0.140000001       6.26697615E-02
  0.149999991       6.19057715E-02
  0.159999996       6.06914833E-02
  0.170000002       5.90795651E-02
  0.179999992       5.71219251E-02
  0.189999998       5.48692532E-02
  0.199999988       5.23706302E-02
  0.209999993       4.96731773E-02
  0.219999999       4.68217619E-02
  0.229999989       4.38587554E-02
  0.239999995       4.08238322E-02
  0.250000000       3.77538130E-02
  0.259999990       3.46825570E-02
  0.269999981       3.16408910E-02
  0.280000001       2.86565647E-02
  0.289999992       2.57542618E-02
  0.299999982       2.29556244E-02
  0.310000002       2.02793069E-02
  0.319999993       1.77410655E-02
  0.329999983       1.53538547E-02
  0.340000004       1.31279547E-02
  0.349999994       1.10711064E-02
  0.359999985       9.18866321E-03
  0.370000005       7.48375338E-03
  0.379999995       5.95744792E-03
  0.389999986       4.60893568E-03
  0.399999976       3.43570020E-03
  0.409999996       2.43369886E-03
  0.419999987       1.59754069E-03
  0.429999977       9.20661259E-04
  0.439999998       3.95494339E-04
  0.449999988       1.36375020E-05
  0.459999979      -2.33988627E-04
  0.469999999      -3.56988516E-04
  0.479999989      -3.65348533E-04
  0.489999980      -2.69302662E-04
  0.500000000      -7.92079227E-05
  0.509999990       1.94570355E-04
  0.519999981       5.41762856E-04
  0.529999971       9.52290371E-04
  0.539999962       1.41634757E-03
  0.550000012       1.92447612E-03
  0.560000002       2.46762834E-03
  0.569999993       3.03722057E-03
  0.579999983       3.62517731E-03
  0.589999974       4.22396604E-03
  0.599999964       4.82662395E-03
  0.610000014       5.42677660E-03
  0.620000005       6.01864792E-03
  0.629999995       6.59706444E-03
  0.639999986       7.15745240E-03
  0.649999976       7.69583136E-03
  0.659999967       8.20879731E-03
  0.669999957       8.69350880E-03
  0.680000007       9.14766081E-03
  0.689999998       9.56946239E-03
  0.699999988       9.95760784E-03
  0.709999979       1.03112441E-02
  0.719999969       1.06299408E-02
  0.729999959       1.09136552E-02
  0.740000010       1.11626983E-02
  0.750000000       1.13777006E-02
  0.759999990       1.15595758E-02
  0.769999981       1.17094861E-02
  0.779999971       1.18288100E-02
  0.789999962       1.19191064E-02
  0.799999952       1.19820852E-02
  0.810000002       1.20195746E-02
  0.819999993       1.20334951E-02
  0.829999983       1.20258275E-02
  0.839999974       1.19985919E-02
  0.849999964       1.19538214E-02
  0.859999955       1.18935416E-02
  0.870000005       1.18197519E-02
  0.879999995       1.17344055E-02
  0.889999986       1.16393967E-02
  0.899999976       1.15365442E-02
  0.909999967       1.14275832E-02
  0.919999957       1.13141527E-02
  0.930000007       1.11977896E-02
  0.939999998       1.10799214E-02
  0.949999988       1.09618623E-02
  0.959999979       1.08448099E-02
  0.969999969       1.07298438E-02
  0.979999959       1.06179258E-02
  0.989999950       1.05099017E-02
   1.00000000       1.04065007E-02
   1.00999999       1.03083411E-02
   1.01999998       1.02159325E-02
   1.02999997       1.01296809E-02
   1.03999996       1.00498954E-02
   1.04999995       9.97679122E-03
   1.05999994       9.91049875E-03
   1.06999993       9.85106733E-03
   1.07999992       9.79847461E-03
   1.09000003       9.75263026E-03
   1.10000002       9.71338525E-03
   1.11000001       9.68053844E-03
   1.12000000       9.65384301E-03
   1.13000000       9.63301118E-03
   1.13999999       9.61772446E-03
   1.14999998       9.60763637E-03
   1.15999997       9.60237999E-03
   1.16999996       9.60157253E-03
   1.17999995       9.60482191E-03
   1.18999994       9.61173046E-03
   1.19999993       9.62190051E-03
   1.20999992       9.63493623E-03
   1.22000003       9.65044927E-03
   1.23000002       9.66806151E-03
   1.24000001       9.68740787E-03
   1.25000000       9.70813911E-03
   1.25999999       9.72992275E-03
   1.26999998       9.75244679E-03
   1.27999997       9.77541972E-03
   1.28999996       9.79857054E-03
   1.29999995       9.82165243E-03
   1.30999994       9.84444004E-03
   1.31999993       9.86673217E-03
   1.32999992       9.88835096E-03
   1.33999991       9.90914088E-03
   1.35000002       9.92896780E-03
   1.36000001       9.94772092E-03
   1.37000000       9.96530894E-03
   1.38000000       9.98166110E-03
   1.38999999       9.99672525E-03
   1.39999998       1.00104660E-02
   1.40999997       1.00228656E-02
   1.41999996       1.00339204E-02
   1.42999995       1.00436406E-02
   1.43999994       1.00520495E-02
   1.44999993       1.00591816E-02
   1.45999992       1.00650797E-02
   1.46999991       1.00697959E-02
   1.48000002       1.00733899E-02
   1.49000001       1.00759268E-02
   1.50000000       1.00774756E-02
   1.50999999       1.00781107E-02
   1.51999998       1.00779077E-02
   1.52999997       1.00769438E-02
   1.53999996       1.00752972E-02
   1.54999995       1.00730462E-02
   1.55999994       1.00702671E-02
   1.56999993       1.00670354E-02
   1.57999992       1.00634238E-02
   1.58999991       1.00595029E-02
   1.59999990       1.00553399E-02
   1.61000001       1.00509981E-02
   1.62000000       1.00465370E-02
   1.63000000       1.00420127E-02
   1.63999999       1.00374753E-02
   1.64999998       1.00329714E-02
   1.65999997       1.00285430E-02
   1.66999996       1.00242281E-02
   1.67999995       1.00200586E-02
   1.68999994       1.00160642E-02
   1.69999993       1.00122681E-02
   1.70999992       1.00086918E-02
   1.71999991       1.00053502E-02
   1.73000002       1.00022554E-02
   1.74000001       9.99941677E-03
   1.75000000       9.99683980E-03
   1.75999999       9.99452639E-03
   1.76999998       9.99247562E-03
   1.77999997       9.99068469E-03
   1.78999996       9.98914801E-03
   1.79999995       9.98785812E-03
   1.80999994       9.98680573E-03
   1.81999993       9.98598058E-03
   1.82999992       9.98536963E-03
   1.83999991       9.98495985E-03
   1.84999990       9.98473726E-03
   1.86000001       9.98468697E-03
   1.87000000       9.98479500E-03
   1.88000000       9.98504553E-03
   1.88999999       9.98542272E-03
   1.89999998       9.98591166E-03
   1.90999997       9.98649746E-03
   1.91999996       9.98716522E-03
   1.92999995       9.98790190E-03
   1.93999994       9.98869259E-03
   1.94999993       9.98952519E-03
   1.95999992       9.99038760E-03
   1.96999991       9.99126863E-03
   1.97999990       9.99215804E-03
   1.99000001       9.99304559E-03
   2.00000000       9.99392290E-03
   2.00999999       9.99478158E-03
   2.01999998       9.99561511E-03
   2.02999997       9.99641791E-03
   2.03999996       9.99718439E-03
   2.04999995       9.99790989E-03
   2.05999994       9.99859069E-03
   2.06999993       9.99922492E-03
   2.07999992       9.99980979E-03
   2.08999991       1.00003434E-02
   2.09999990       1.00008259E-02
   2.10999990       1.00012561E-02
   2.11999989       1.00016352E-02
   2.12999988       1.00019639E-02
   2.13999987       1.00022433E-02
   2.14999986       1.00024752E-02
   2.15999985       1.00026615E-02
   2.16999984       1.00028049E-02
   2.18000007       1.00029074E-02
   2.19000006       1.00029716E-02
   2.20000005       1.00029996E-02
   2.21000004       1.00029949E-02
   2.22000003       1.00029614E-02
   2.23000002       1.00029008E-02
   2.24000001       1.00028170E-02
   2.25000000       1.00027127E-02
   2.25999999       1.00025907E-02
   2.26999998       1.00024538E-02
   2.27999997       1.00023048E-02
   2.28999996       1.00021455E-02
   2.29999995       1.00019798E-02
   2.30999994       1.00018084E-02
   2.31999993       1.00016352E-02
   2.32999992       1.00014610E-02
   2.33999991       1.00012878E-02
   2.34999990       1.00011174E-02
   2.35999990       1.00009507E-02
   2.36999989       1.00007895E-02
   2.37999988       1.00006349E-02
   2.38999987       1.00004878E-02
   2.39999986       1.00003490E-02
   2.40999985       1.00002196E-02
   2.41999984       1.00000994E-02
   2.42999983       9.99998953E-03
   2.44000006       9.99988895E-03
   2.45000005       9.99979861E-03
   2.46000004       9.99971852E-03
   2.47000003       9.99964867E-03
   2.48000002       9.99958813E-03
   2.49000001       9.99953784E-03
   2.50000000       9.99949593E-03
   2.50999999       9.99946333E-03
   2.51999998       9.99943912E-03
   2.52999997       9.99942236E-03
   2.53999996       9.99941304E-03
   2.54999995       9.99941025E-03
   2.55999994       9.99941397E-03
   2.56999993       9.99942329E-03
   2.57999992       9.99943726E-03
   2.58999991       9.99945588E-03
   2.59999990       9.99947824E-03
   2.60999990       9.99950338E-03
   2.61999989       9.99953132E-03
   2.62999988       9.99956112E-03
   2.63999987       9.99959279E-03
   2.64999986       9.99962632E-03
   2.65999985       9.99965984E-03
   2.66999984       9.99969430E-03
   2.67999983       9.99972876E-03
   2.69000006       9.99976229E-03
   2.70000005       9.99979582E-03
   2.71000004       9.99982841E-03
   2.72000003       9.99985915E-03
   2.73000002       9.99988895E-03
   2.74000001       9.99991689E-03
   2.75000000       9.99994297E-03
   2.75999999       9.99996718E-03
   2.76999998       9.99998953E-03
   2.77999997       1.00000100E-02
   2.78999996       1.00000286E-02
   2.79999995       1.00000454E-02
   2.80999994       1.00000603E-02
   2.81999993       1.00000734E-02
   2.82999992       1.00000845E-02
   2.83999991       1.00000938E-02
   2.84999990       1.00001013E-02
   2.85999990       1.00001069E-02
   2.86999989       1.00001106E-02
   2.87999988       1.00001134E-02
   2.88999987       1.00001143E-02
   2.89999986       1.00001143E-02
   2.90999985       1.00001134E-02
   2.91999984       1.00001115E-02
   2.92999983       1.00001087E-02
   2.93999982       1.00001050E-02
   2.95000005       1.00001004E-02
   2.96000004       1.00000948E-02
   2.97000003       1.00000892E-02
   2.98000002       1.00000827E-02
   2.99000001       1.00000761E-02
   3.00000000       1.00000696E-02
   3.00999999       1.00000631E-02
   3.01999998       1.00000566E-02
   3.02999997       1.00000501E-02
   3.03999996       1.00000435E-02
   3.04999995       1.00000370E-02
   3.05999994       1.00000305E-02
   3.06999993       1.00000249E-02
   3.07999992       1.00000193E-02
   3.08999991       1.00000137E-02
   3.09999990       1.00000091E-02
   3.10999990       1.00000044E-02
   3.11999989       9.99999978E-03
   3.12999988       9.99999605E-03
   3.13999987       9.99999233E-03
   3.14999986       9.99998953E-03
   3.15999985       9.99998674E-03
   3.16999984       9.99998394E-03
   3.17999983       9.99998208E-03
   3.18999982       9.99998022E-03
   3.19999981       9.99997929E-03
   3.21000004       9.99997836E-03
   3.22000003       9.99997742E-03
   3.23000002       9.99997742E-03
   3.24000001       9.99997742E-03
   3.25000000       9.99997742E-03
   3.25999999       9.99997742E-03
   3.26999998       9.99997836E-03
   3.27999997       9.99997929E-03
   3.28999996       9.99998022E-03
   3.29999995       9.99998115E-03
   3.30999994       9.99998208E-03
   3.31999993       9.99998301E-03
   3.32999992       9.99998394E-03
   3.33999991       9.99998488E-03
   3.34999990       9.99998581E-03
   3.35999990       9.99998674E-03
   3.36999989       9.99998767E-03
   3.37999988       9.99998860E-03
   3.38999987       9.99998953E-03
   3.39999986       9.99999046E-03
   3.40999985       9.99999139E-03
   3.41999984       9.99999233E-03
   3.42999983       9.99999326E-03
   3.43999982       9.99999419E-03
   3.44999981       9.99999512E-03
   3.46000004       9.99999605E-03
   3.47000003       9.99999698E-03
   3.48000002       9.99999791E-03
   3.49000001       9.99999885E-03
   3.50000000       9.99999978E-03
   3.50999999       1.00000007E-02
   3.51999998       1.00000016E-02
   3.52999997       1.00000026E-02
   3.53999996       1.00000035E-02
   3.54999995       1.00000035E-02
   3.55999994       1.00000035E-02
   3.56999993       1.00000035E-02
   3.57999992       1.00000035E-02
   3.58999991       1.00000035E-02
   3.59999990       1.00000035E-02
   3.60999990       1.00000035E-02
   3.61999989       1.00000035E-02
   3.62999988       1.00000035E-02
   3.63999987       1.00000035E-02
   3.64999986       1.00000035E-02
   3.65999985       1.00000035E-02
   3.66999984       1.00000035E-02
   3.67999983       1.00000035E-02
   3.68999982       1.00000035E-02
   3.69999981       1.00000035E-02
   3.70999980       1.00000035E-02
   3.72000003       1.00000035E-02
   3.73000002       1.00000035E-02
   3.74000001       1.00000035E-02
   3.75000000       1.00000035E-02
   3.75999999       1.00000035E-02
   3.76999998       1.00000035E-02
   3.77999997       1.00000035E-02
   3.78999996       1.00000035E-02
   3.79999995       1.00000035E-02
   3.80999994       1.00000035E-02
   3.81999993       1.00000035E-02
   3.82999992       1.00000035E-02
   3.83999991       1.00000035E-02
   3.84999990       1.00000035E-02
   3.85999990       1.00000035E-02
   3.86999989       1.00000035E-02
   3.87999988       1.00000035E-02
   3.88999987       1.00000035E-02
   3.89999986       1.00000035E-02
   3.90999985       1.00000035E-02
   3.91999984       1.00000035E-02
   3.92999983       1.00000035E-02
   3.93999982       1.00000035E-02
   3.94999981       1.00000035E-02
   3.95999980       1.00000035E-02
   3.97000003       1.00000035E-02
   3.98000002       1.00000035E-02
   3.99000001       1.00000035E-02
   4.00000000       1.00000035E-02
   4.00999975       1.00000035E-02
   4.01999998       1.00000035E-02
   4.02999973       1.00000035E-02
   4.03999996       1.00000035E-02
   4.04999971       1.00000035E-02
   4.05999994       1.00000035E-02
   4.06999969       1.00000035E-02
   4.07999992       1.00000035E-02
   4.08999968       1.00000035E-02
   4.09999990       1.00000035E-02
   4.11000013       1.00000035E-02
   4.11999989       1.00000035E-02
   4.13000011       1.00000035E-02
   4.13999987       1.00000035E-02
   4.15000010       1.00000035E-02
   4.15999985       1.00000035E-02
   4.17000008       1.00000035E-02
   4.17999983       1.00000035E-02
   4.19000006       1.00000035E-02
   4.19999981       1.00000035E-02
   4.21000004       1.00000035E-02
   4.21999979       1.00000035E-02
   4.23000002       1.00000035E-02
   4.23999977       1.00000035E-02
   4.25000000       1.00000035E-02
   4.25999975       1.00000035E-02
   4.26999998       1.00000035E-02
   4.27999973       1.00000035E-02
   4.28999996       1.00000035E-02
   4.29999971       1.00000035E-02
   4.30999994       1.00000035E-02
   4.31999969       1.00000035E-02
   4.32999992       1.00000035E-02
   4.33999968       1.00000035E-02
   4.34999990       1.00000035E-02
   4.36000013       1.00000035E-02
   4.36999989       1.00000035E-02
   4.38000011       1.00000035E-02
   4.38999987       1.00000035E-02
   4.40000010       1.00000035E-02
   4.40999985       1.00000035E-02
   4.42000008       1.00000035E-02
   4.42999983       1.00000035E-02
   4.44000006       1.00000035E-02
   4.44999981       1.00000035E-02
   4.46000004       1.00000035E-02
   4.46999979       1.00000035E-02
   4.48000002       1.00000035E-02
   4.48999977       1.00000035E-02
   4.50000000       1.00000035E-02
   4.50999975       1.00000035E-02
   4.51999998       1.00000035E-02
   4.52999973       1.00000035E-02
   4.53999996       1.00000035E-02
   4.54999971       1.00000035E-02
   4.55999994       1.00000035E-02
   4.56999969       1.00000035E-02
   4.57999992       1.00000035E-02
   4.58999968       1.00000035E-02
   4.59999990       1.00000035E-02
   4.61000013       1.00000035E-02
   4.61999989       1.00000035E-02
   4.63000011       1.00000035E-02
   4.63999987       1.00000035E-02
   4.65000010       1.00000035E-02
   4.65999985       1.00000035E-02
   4.67000008       1.00000035E-02
   4.67999983       1.00000035E-02
   4.69000006       1.00000035E-02
   4.69999981       1.00000035E-02
   4.71000004       1.00000035E-02
   4.71999979       1.00000035E-02
   4.73000002       1.00000035E-02
   4.73999977       1.00000035E-02
   4.75000000       1.00000035E-02
   4.75999975       1.00000035E-02
   4.76999998       1.00000035E-02
   4.77999973       1.00000035E-02
   4.78999996       1.00000035E-02
   4.79999971       1.00000035E-02
   4.80999994       1.00000035E-02
   4.81999969       1.00000035E-02
   4.82999992       1.00000035E-02
   4.83999968       1.00000035E-02
   4.84999990       1.00000035E-02
   4.85999966       1.00000035E-02
   4.86999989       1.00000035E-02
   4.88000011       1.00000035E-02
   4.88999987       1.00000035E-02
   4.90000010       1.00000035E-02
   4.90999985       1.00000035E-02
   4.92000008       1.00000035E-02
   4.92999983       1.00000035E-02
   4.94000006       1.00000035E-02
   4.94999981       1.00000035E-02
   4.96000004       1.00000035E-02
   4.96999979       1.00000035E-02
   4.98000002       1.00000035E-02
   4.98999977       1.00000035E-02
   5.00000000       1.00000035E-02
   5.00999975       1.00000035E-02
   5.01999998       1.00000035E-02
   5.02999973       1.00000035E-02
   5.03999996       1.00000035E-02
   5.04999971       1.00000035E-02
   5.05999994       1.00000035E-02
   5.06999969       1.00000035E-02
   5.07999992       1.00000035E-02
   5.08999968       1.00000035E-02
   5.09999990       1.00000035E-02
   5.10999966       1.00000035E-02
   5.11999989       1.00000035E-02
   5.13000011       1.00000035E-02
   5.13999987       1.00000035E-02
   5.15000010       1.00000035E-02
   5.15999985       1.00000035E-02
   5.17000008       1.00000035E-02
   5.17999983       1.00000035E-02
   5.19000006       1.00000035E-02
   5.19999981       1.00000035E-02
   5.21000004       1.00000035E-02
   5.21999979       1.00000035E-02
   5.23000002       1.00000035E-02
   5.23999977       1.00000035E-02
   5.25000000       1.00000035E-02
   5.25999975       1.00000035E-02
   5.26999998       1.00000035E-02
   5.27999973       1.00000035E-02
   5.28999996       1.00000035E-02
   5.29999971       1.00000035E-02
   5.30999994       1.00000035E-02
   5.31999969       1.00000035E-02
   5.32999992       1.00000035E-02
   5.33999968       1.00000035E-02
   5.34999990       1.00000035E-02
   5.35999966       1.00000035E-02
   5.36999989       1.00000035E-02
   5.38000011       1.00000035E-02
   5.38999987       1.00000035E-02
   5.40000010       1.00000035E-02
   5.40999985       1.00000035E-02
   5.42000008       1.00000035E-02
   5.42999983       1.00000035E-02
   5.44000006       1.00000035E-02
   5.44999981       1.00000035E-02
   5.46000004       1.00000035E-02
   5.46999979       1.00000035E-02
   5.48000002       1.00000035E-02
   5.48999977       1.00000035E-02
   5.50000000       1.00000035E-02
   5.50999975       1.00000035E-02
   5.51999998       1.00000035E-02
   5.52999973       1.00000035E-02
   5.53999996       1.00000035E-02
   5.54999971       1.00000035E-02
   5.55999994       1.00000035E-02
   5.56999969       1.00000035E-02
   5.57999992       1.00000035E-02
   5.58999968       1.00000035E-02
   5.59999990       1.00000035E-02
   5.60999966       1.00000035E-02
   5.61999989       1.00000035E-02
   5.62999964       1.00000035E-02
   5.63999987       1.00000035E-02
   5.65000010       1.00000035E-02
   5.65999985       1.00000035E-02
   5.67000008       1.00000035E-02
   5.67999983       1.00000035E-02
   5.69000006       1.00000035E-02
   5.69999981       1.00000035E-02
   5.71000004       1.00000035E-02
   5.71999979       1.00000035E-02
   5.73000002       1.00000035E-02
   5.73999977       1.00000035E-02
   5.75000000       1.00000035E-02
   5.75999975       1.00000035E-02
   5.76999998       1.00000035E-02
   5.77999973       1.00000035E-02
   5.78999996       1.00000035E-02
   5.79999971       1.00000035E-02
   5.80999994       1.00000035E-02
   5.81999969       1.00000035E-02
   5.82999992       1.00000035E-02
   5.83999968       1.00000035E-02
   5.84999990       1.00000035E-02
   5.85999966       1.00000035E-02
   5.86999989       1.00000035E-02
   5.87999964       1.00000035E-02
   5.88999987       1.00000035E-02
   5.90000010       1.00000035E-02
   5.90999985       1.00000035E-02
   5.92000008       1.00000035E-02
   5.92999983       1.00000035E-02
   5.94000006       1.00000035E-02
   5.94999981       1.00000035E-02
   5.96000004       1.00000035E-02
   5.96999979       1.00000035E-02
   5.98000002       1.00000035E-02
   5.98999977       1.00000035E-02
   6.00000000       1.00000035E-02
   6.00999975       1.00000035E-02
   6.01999998       1.00000035E-02
   6.02999973       1.00000035E-02
   6.03999996       1.00000035E-02
   6.04999971       1.00000035E-02
   6.05999994       1.00000035E-02
   6.06999969       1.00000035E-02
   6.07999992       1.00000035E-02
   6.08999968       1.00000035E-02
   6.09999990       1.00000035E-02
   6.10999966       1.00000035E-02
   6.11999989       1.00000035E-02
   6.12999964       1.00000035E-02
   6.13999987       1.00000035E-02
   6.15000010       1.00000035E-02
   6.15999985       1.00000035E-02
   6.17000008       1.00000035E-02
   6.17999983       1.00000035E-02
   6.19000006       1.00000035E-02
   6.19999981       1.00000035E-02
   6.21000004       1.00000035E-02
   6.21999979       1.00000035E-02
   6.23000002       1.00000035E-02
   6.23999977       1.00000035E-02
   6.25000000       1.00000035E-02
   6.25999975       1.00000035E-02
   6.26999998       1.00000035E-02
   6.27999973       1.00000035E-02
   6.28999996       1.00000035E-02
   6.29999971       1.00000035E-02
   6.30999994       1.00000035E-02
   6.31999969       1.00000035E-02
   6.32999992       1.00000035E-02
   6.33999968       1.00000035E-02
   6.34999990       1.00000035E-02
   6.35999966       1.00000035E-02
   6.36999989       1.00000035E-02
   6.37999964       1.00000035E-02
   6.38999987       1.00000035E-02
   6.39999962       1.00000035E-02
   6.40999985       1.00000035E-02
   6.42000008       1.00000035E-02
   6.42999983       1.00000035E-02
   6.44000006       1.00000035E-02
   6.44999981       1.00000035E-02
   6.46000004       1.00000035E-02
   6.46999979       1.00000035E-02
   6.48000002       1.00000035E-02
   6.48999977       1.00000035E-02
   6.50000000       1.00000035E-02
   6.50999975       1.00000035E-02
   6.51999998       1.00000035E-02
   6.52999973       1.00000035E-02
   6.53999996       1.00000035E-02
   6.54999971       1.00000035E-02
   6.55999994       1.00000035E-02
   6.56999969       1.00000035E-02
   6.57999992       1.00000035E-02
   6.58999968       1.00000035E-02
   6.59999990       1.00000035E-02
   6.60999966       1.00000035E-02
   6.61999989       1.00000035E-02
   6.62999964       1.00000035E-02
   6.63999987       1.00000035E-02
   6.64999962       1.00000035E-02
   6.65999985       1.00000035E-02
   6.67000008       1.00000035E-02
   6.67999983       1.00000035E-02
   6.69000006       1.00000035E-02
   6.69999981       1.00000035E-02
   6.71000004       1.00000035E-02
   6.71999979       1.00000035E-02
   6.73000002       1.00000035E-02
   6.73999977       1.00000035E-02
   6.75000000       1.00000035E-02
   6.75999975       1.00000035E-02
   6.76999998       1.00000035E-02
   6.77999973       1.00000035E-02
   6.78999996       1.00000035E-02
   6.79999971       1.00000035E-02
   6.80999994       1.00000035E-02
   6.81999969       1.00000035E-02
   6.82999992       1.00000035E-02
   6.83999968       1.00000035E-02
   6.84999990       1.00000035E-02
   6.85999966       1.00000035E-02
   6.86999989       1.00000035E-02
   6.87999964       1.00000035E-02
   6.88999987       1.00000035E-02
   6.89999962       1.00000035E-02
   6.90999985       1.00000035E-02
   6.92000008       1.00000035E-02
   6.92999983       1.00000035E-02
   6.94000006       1.00000035E-02
   6.94999981       1.00000035E-02
   6.96000004       1.00000035E-02
   6.96999979       1.00000035E-02
   6.98000002       1.00000035E-02
   6.98999977       1.00000035E-02
   7.00000000       1.00000035E-02
   7.00999975       1.00000035E-02
   7.01999998       1.00000035E-02
   7.02999973       1.00000035E-02
   7.03999996       1.00000035E-02
   7.04999971       1.00000035E-02
   7.05999994       1.00000035E-02
   7.06999969       1.00000035E-02
   7.07999992       1.00000035E-02
   7.08999968       1.00000035E-02
   7.09999990       1.00000035E-02
   7.10999966       1.00000035E-02
   7.11999989       1.00000035E-02
   7.12999964       1.00000035E-02
   7.13999987       1.00000035E-02
   7.14999962       1.00000035E-02
   7.15999985       1.00000035E-02
   7.17000008       1.00000035E-02
   7.17999983       1.00000035E-02
   7.19000006       1.00000035E-02
   7.19999981       1.00000035E-02
   7.21000004       1.00000035E-02
   7.21999979       1.00000035E-02
   7.23000002       1.00000035E-02
   7.23999977       1.00000035E-02
   7.25000000       1.00000035E-02
   7.25999975       1.00000035E-02
   7.26999998       1.00000035E-02
   7.27999973       1.00000035E-02
   7.28999996       1.00000035E-02
   7.29999971       1.00000035E-02
   7.30999994       1.00000035E-02
   7.31999969       1.00000035E-02
   7.32999992       1.00000035E-02
   7.33999968       1.00000035E-02
   7.34999990       1.00000035E-02
   7.35999966       1.00000035E-02
   7.36999989       1.00000035E-02
   7.37999964       1.00000035E-02
   7.38999987       1.00000035E-02
   7.39999962       1.00000035E-02
   7.40999985       1.00000035E-02
   7.41999960       1.00000035E-02
   7.42999983       1.00000035E-02
   7.44000006       1.00000035E-02
   7.44999981       1.00000035E-02
   7.46000004       1.00000035E-02
   7.46999979       1.00000035E-02
   7.48000002       1.00000035E-02
   7.48999977       1.00000035E-02
   7.50000000       1.00000035E-02
   7.50999975       1.00000035E-02
   7.51999998       1.00000035E-02
   7.52999973       1.00000035E-02
   7.53999996       1.00000035E-02
   7.54999971       1.00000035E-02
   7.55999994       1.00000035E-02
   7.56999969       1.00000035E-02
   7.57999992       1.00000035E-02
   7.58999968       1.00000035E-02
   7.59999990       1.00000035E-02
   7.60999966       1.00000035E-02
   7.61999989       1.00000035E-02
   7.62999964       1.00000035E-02
   7.63999987       1.00000035E-02
   7.64999962       1.00000035E-02
   7.65999985       1.00000035E-02
   7.66999960       1.00000035E-02
   7.67999983       1.00000035E-02
   7.69000006       1.00000035E-02
   7.69999981       1.00000035E-02
   7.71000004       1.00000035E-02
   7.71999979       1.00000035E-02
   7.73000002       1.00000035E-02
   7.73999977       1.00000035E-02
   7.75000000       1.00000035E-02
   7.75999975       1.00000035E-02
   7.76999998       1.00000035E-02
   7.77999973       1.00000035E-02
   7.78999996       1.00000035E-02
   7.79999971       1.00000035E-02
   7.80999994       1.00000035E-02
   7.81999969       1.00000035E-02
   7.82999992       1.00000035E-02
   7.83999968       1.00000035E-02
   7.84999990       1.00000035E-02
   7.85999966       1.00000035E-02
   7.86999989       1.00000035E-02
   7.87999964       1.00000035E-02
   7.88999987       1.00000035E-02
   7.89999962       1.00000035E-02
   7.90999985       1.00000035E-02
   7.91999960       1.00000035E-02
   7.92999983       1.00000035E-02
   7.94000006       1.00000035E-02
   7.94999981       1.00000035E-02
   7.96000004       1.00000035E-02
   7.96999979       1.00000035E-02
   7.98000002       1.00000035E-02
   7.98999977       1.00000035E-02
   8.00000000       1.00000035E-02
   8.01000023       1.00000035E-02
   8.01999950       1.00000035E-02
   8.02999973       1.00000035E-02
   8.03999996       1.00000035E-02
   8.05000019       1.00000035E-02
   8.05999947       1.00000035E-02
   8.06999969       1.00000035E-02
   8.07999992       1.00000035E-02
   8.09000015       1.00000035E-02
   8.09999943       1.00000035E-02
   8.10999966       1.00000035E-02
   8.11999989       1.00000035E-02
   8.13000011       1.00000035E-02
   8.13999939       1.00000035E-02
   8.14999962       1.00000035E-02
   8.15999985       1.00000035E-02
   8.17000008       1.00000035E-02
   8.17999935       1.00000035E-02
   8.18999958       1.00000035E-02
   8.19999981       1.00000035E-02
   8.21000004       1.00000035E-02
   8.22000027       1.00000035E-02
   8.22999954       1.00000035E-02
   8.23999977       1.00000035E-02
   8.25000000       1.00000035E-02
   8.26000023       1.00000035E-02
   8.26999950       1.00000035E-02
   8.27999973       1.00000035E-02
   8.28999996       1.00000035E-02
   8.30000019       1.00000035E-02
   8.30999947       1.00000035E-02
   8.31999969       1.00000035E-02
   8.32999992       1.00000035E-02
   8.34000015       1.00000035E-02
   8.34999943       1.00000035E-02
   8.35999966       1.00000035E-02
   8.36999989       1.00000035E-02
   8.38000011       1.00000035E-02
   8.38999939       1.00000035E-02
   8.39999962       1.00000035E-02
   8.40999985       1.00000035E-02
   8.42000008       1.00000035E-02
   8.42999935       1.00000035E-02
   8.43999958       1.00000035E-02
   8.44999981       1.00000035E-02
   8.46000004       1.00000035E-02
   8.47000027       1.00000035E-02
   8.47999954       1.00000035E-02
   8.48999977       1.00000035E-02
   8.50000000       1.00000035E-02
   8.51000023       1.00000035E-02
   8.51999950       1.00000035E-02
   8.52999973       1.00000035E-02
   8.53999996       1.00000035E-02
   8.55000019       1.00000035E-02
   8.55999947       1.00000035E-02
   8.56999969       1.00000035E-02
   8.57999992       1.00000035E-02
   8.59000015       1.00000035E-02
   8.59999943       1.00000035E-02
   8.60999966       1.00000035E-02
   8.61999989       1.00000035E-02
   8.63000011       1.00000035E-02
   8.63999939       1.00000035E-02
   8.64999962       1.00000035E-02
   8.65999985       1.00000035E-02
   8.67000008       1.00000035E-02
   8.67999935       1.00000035E-02
   8.68999958       1.00000035E-02
   8.69999981       1.00000035E-02
   8.71000004       1.00000035E-02
   8.72000027       1.00000035E-02
   8.72999954       1.00000035E-02
   8.73999977       1.00000035E-02
   8.75000000       1.00000035E-02
   8.76000023       1.00000035E-02
   8.76999950       1.00000035E-02
   8.77999973       1.00000035E-02
   8.78999996       1.00000035E-02
   8.80000019       1.00000035E-02
   8.80999947       1.00000035E-02
   8.81999969       1.00000035E-02
   8.82999992       1.00000035E-02
   8.84000015       1.00000035E-02
   8.84999943       1.00000035E-02
   8.85999966       1.00000035E-02
   8.86999989       1.00000035E-02
   8.88000011       1.00000035E-02
   8.88999939       1.00000035E-02
   8.89999962       1.00000035E-02
   8.90999985       1.00000035E-02
   8.92000008       1.00000035E-02
   8.92999935       1.00000035E-02
   8.93999958       1.00000035E-02
   8.94999981       1.00000035E-02
   8.96000004       1.00000035E-02
   8.97000027       1.00000035E-02
   8.97999954       1.00000035E-02
   8.98999977       1.00000035E-02
   9.00000000       1.00000035E-02
   9.01000023       1.00000035E-02
   9.01999950       1.00000035E-02
   9.02999973       1.00000035E-02
   9.03999996       1.00000035E-02
   9.05000019       1.00000035E-02
   9.05999947       1.00000035E-02
   9.06999969       1.00000035E-02
   9.07999992       1.00000035E-02
   9.09000015       1.00000035E-02
   9.09999943       1.00000035E-02
   9.10999966       1.00000035E-02
   9.11999989       1.00000035E-02
   9.13000011       1.00000035E-02
   9.13999939       1.00000035E-02
   9.14999962       1.00000035E-02
   9.15999985       1.00000035E-02
   9.17000008       1.00000035E-02
   9.17999935       1.00000035E-02
   9.18999958       1.00000035E-02
   9.19999981       1.00000035E-02
   9.21000004       1.00000035E-02
   9.22000027       1.00000035E-02
   9.22999954       1.00000035E-02
   9.23999977       1.00000035E-02
   9.25000000       1.00000035E-02
   9.26000023       1.00000035E-02
   9.26999950       1.00000035E-02
   9.27999973       1.00000035E-02
   9.28999996       1.00000035E-02
   9.30000019       1.00000035E-02
   9.30999947       1.00000035E-02
   9.31999969       1.00000035E-02
   9.32999992       1.00000035E-02
   9.34000015       1.00000035E-02
   9.34999943       1.00000035E-02
   9.35999966       1.00000035E-02
   9.36999989       1.00000035E-02
   9.38000011       1.00000035E-02
   9.38999939       1.00000035E-02
   9.39999962       1.00000035E-02
   9.40999985       1.00000035E-02
   9.42000008       1.00000035E-02
   9.42999935       1.00000035E-02
   9.43999958       1.00000035E-02
   9.44999981       1.00000035E-02
   9.46000004       1.00000035E-02
   9.46999931       1.00000035E-02
   9.47999954       1.00000035E-02
   9.48999977       1.00000035E-02
   9.50000000       1.00000035E-02
   9.51000023       1.00000035E-02
   9.51999950       1.00000035E-02
   9.52999973       1.00000035E-02
   9.53999996       1.00000035E-02
   9.55000019       1.00000035E-02
   9.55999947       1.00000035E-02
   9.56999969       1.00000035E-02
   9.57999992       1.00000035E-02
   9.59000015       1.00000035E-02
   9.59999943       1.00000035E-02
   9.60999966       1.00000035E-02
   9.61999989       1.00000035E-02
   9.63000011       1.00000035E-02
   9.63999939       1.00000035E-02
   9.64999962       1.00000035E-02
   9.65999985       1.00000035E-02
   9.67000008       1.00000035E-02
   9.67999935       1.00000035E-02
   9.68999958       1.00000035E-02
   9.69999981       1.00000035E-02
   9.71000004       1.00000035E-02
   9.71999931       1.00000035E-02
   9.72999954       1.00000035E-02
   9.73999977       1.00000035E-02
   9.75000000       1.00000035E-02
   9.76000023       1.00000035E-02
   9.76999950       1.00000035E-02
   9.77999973       1.00000035E-02
   9.78999996       1.00000035E-02
   9.80000019       1.00000035E-02
   9.80999947       1.00000035E-02
   9.81999969       1.00000035E-02
   9.82999992       1.00000035E-02
   9.84000015       1.00000035E-02
   9.84999943       1.00000035E-02
   9.85999966       1.00000035E-02
   9.86999989       1.00000035E-02
   9.88000011       1.00000035E-02
   9.88999939       1.00000035E-02
   9.89999962       1.00000035E-02
   9.90999985       1.00000035E-02
   9.92000008       1.00000035E-02
   9.92999935       1.00000035E-02
   9.93999958       1.00000035E-02
   9.94999981       1.00000035E-02
   9.96000004       1.00000035E-02
   9.96999931       1.00000035E-02
   9.97999954       1.00000035E-02
   9.98999977       1.00000035E-02
