  0.100000001       81.8212433    
  0.200000003       81.6340714    
  0.300000012       81.4384766    
  0.400000006       81.2343140    
  0.500000000       81.0221634    
  0.600000024       80.8015060    
  0.699999988       80.5725098    
  0.800000012       80.3350754    
  0.900000036       80.0892258    
   1.00000000       79.8346634    
   1.10000002       79.5717545    
   1.20000005       79.3003845    
   1.30000007       79.0208282    
   1.39999998       78.7322083    
   1.50000000       78.4352341    
   1.60000002       78.1300278    
   1.70000005       77.8157272    
   1.80000007       77.4931641    
   1.89999998       77.1620026    
   2.00000000       76.8223114    
   2.10000014       76.4740829    
   2.20000005       76.1167908    
   2.29999995       75.7512970    
   2.40000010       75.3772049    
   2.50000000       74.9943390    
   2.60000014       74.6028061    
   2.70000005       74.2025223    
   2.79999995       73.7938385    
   2.90000010       73.3765945    
   3.00000000       72.9503403    
   3.10000014       72.5159149    
   3.20000005       72.0726776    
   3.29999995       71.6207962    
   3.40000010       71.1600037    
   3.50000000       70.6906433    
   3.60000014       70.2127838    
   3.70000005       69.7265854    
   3.79999995       69.2315903    
   3.90000010       68.7276382    
   4.00000000       68.2158508    
   4.09999990       67.6949921    
   4.20000029       67.1656265    
   4.30000019       66.6278076    
   4.40000010       66.0815659    
   4.50000000       65.5267181    
   4.59999990       64.9634705    
   4.70000029       64.3920364    
   4.80000019       63.8119316    
   4.90000010       63.2236061    
   5.00000000       62.6269035    
