   6.28000009E-04   0.00000000    
   1.25600002E-03   2.49446726    
   1.88400003E-03   2.49510384    
   2.51200004E-03   2.49222374    
   3.14000016E-03   2.47044587    
   3.76800005E-03   2.48900867    
   4.39600041E-03   2.49317336    
   5.02400007E-03   2.48818851    
   5.65200020E-03   2.48345184    
   6.28000032E-03   2.49200010    
   6.90799998E-03   2.48172092    
   7.53600011E-03   2.48216963    
   8.16399977E-03   2.48660612    
   8.79200082E-03   2.49408340    
   9.42000002E-03   2.48961425    
   1.00480001E-02   2.48100543    
   1.06760003E-02   2.48921084    
   1.13040004E-02   2.48434591    
   1.19320005E-02   2.48140407    
   1.25600006E-02   2.50140333    
   1.31880008E-02   2.48382902    
   1.38160000E-02   2.47281790    
   1.44440001E-02   2.48957109    
   1.50720002E-02   2.47959948    
   1.56999994E-02   2.48195100    
   1.63279995E-02   2.48600626    
   1.69560015E-02   2.47922611    
   1.75840016E-02   2.48498130    
   1.82120018E-02   2.48626685    
   1.88400000E-02   2.49480867    
   1.94680002E-02   2.48844099    
   2.00960003E-02   2.49204922    
   2.07240004E-02   2.48970509    
   2.13520005E-02   2.47818422    
   2.19800007E-02   2.48554850    
   2.26080008E-02   2.47516012    
   2.32360009E-02   2.48767781    
   2.38640010E-02   2.47780108    
   2.44920012E-02   2.47941875    
   2.51200013E-02   2.49243879    
   2.57480014E-02   2.48856640    
   2.63760015E-02   2.48586798    
   2.70040017E-02   2.49036670    
   2.76319999E-02   2.49041080    
   2.82600001E-02   2.47986579    
   2.88880002E-02   2.48593354    
   2.95160003E-02   2.49079633    
   3.01440004E-02   2.48936939    
   3.07720006E-02   2.48275137    
   3.13999988E-02   2.48172307    
   3.20280008E-02   2.49237251    
   3.26559991E-02   2.47861385    
   3.32840011E-02   2.46908998    
   3.39120030E-02   2.48171592    
   3.45400013E-02   2.49468970    
   3.51680033E-02   2.46796799    
   3.57960016E-02   2.49917769    
   3.64240035E-02   2.48803067    
   3.70520018E-02   2.47365141    
   3.76800001E-02   2.47393537    
   3.83080021E-02   2.48040843    
   3.89360003E-02   2.46790338    
   3.95640023E-02   2.48526120    
   4.01920006E-02   2.46895385    
   4.08200026E-02   2.48721695    
   4.14480008E-02   2.48494411    
   4.20760028E-02   2.48389459    
   4.27040011E-02   2.49705338    
   4.33319993E-02   2.47147655    
   4.39600013E-02   2.48089194    
   4.45879996E-02   2.47468328    
   4.52160016E-02   2.47412610    
   4.58439998E-02   2.46729183    
   4.64720018E-02   2.47236371    
   4.71000038E-02   2.48321843    
   4.77280021E-02   2.48906589    
   4.83560041E-02   2.47578740    
   4.89840023E-02   2.47675037    
   4.96120043E-02   2.48045564    
   5.02400026E-02   2.47544813    
   5.08680008E-02   2.47942233    
   5.14960028E-02   2.47791004    
   5.21239974E-02   2.46968389    
   5.27520031E-02   2.45983315    
   5.33799976E-02   2.47852421    
   5.40080033E-02   2.46536541    
   5.46360053E-02   2.46850681    
   5.52639998E-02   2.48004937    
   5.58920056E-02   2.45922136    
   5.65200001E-02   2.46550131    
   5.71480058E-02   2.47982478    
   5.77760004E-02   2.48394227    
   5.84040023E-02   2.48128939    
   5.90320006E-02   2.48216987    
   5.96600026E-02   2.47561741    
   6.02880009E-02   2.46449447    
   6.09160028E-02   2.47460437    
   6.15440011E-02   2.46913147    
   6.21720031E-02   2.47514844    
   6.27999976E-02   2.47853637    
   6.34279996E-02   2.46736073    
   6.40560016E-02   2.48734713    
   6.46840036E-02   2.46214056    
   6.53119981E-02   2.47299910    
   6.59400001E-02   2.46647406    
   6.65680021E-02   2.47219801    
   6.71960041E-02   2.45893979    
   6.78240061E-02   2.46739769    
   6.84520006E-02   2.46854711    
   6.90800026E-02   2.46084809    
   6.97080046E-02   2.45777416    
   7.03360066E-02   2.46927047    
   7.09640011E-02   2.47048926    
   7.15920031E-02   2.46130347    
   7.22199976E-02   2.46393061    
   7.28480071E-02   2.46684027    
   7.34760016E-02   2.46374178    
   7.41040036E-02   2.46632361    
   7.47319981E-02   2.46876645    
   7.53600001E-02   2.46504426    
   7.59880021E-02   2.46896029    
   7.66160041E-02   2.47325015    
   7.72439986E-02   2.45592451    
   7.78720006E-02   2.46018481    
   7.85000026E-02   2.45633698    
   7.91280046E-02   2.46034336    
   7.97559991E-02   2.47347474    
   8.03840011E-02   2.46325207    
   8.10120031E-02   2.45812249    
   8.16400051E-02   2.45183682    
   8.22680071E-02   2.45454693    
   8.28960016E-02   2.45098519    
   8.35240036E-02   2.46689153    
   8.41520056E-02   2.44412971    
   8.47800076E-02   2.46226931    
   8.54080021E-02   2.46057177    
   8.60360041E-02   2.44831038    
   8.66639987E-02   2.46699595    
   8.72920081E-02   2.46911955    
   8.79200026E-02   2.46530414    
   8.85480046E-02   2.45147109    
   8.91759992E-02   2.45050430    
   8.98040012E-02   2.45872760    
   9.04320031E-02   2.45342636    
   9.10600051E-02   2.45503950    
   9.16879997E-02   2.46753931    
   9.23160017E-02   2.44544625    
   9.29440036E-02   2.45359564    
   9.35720056E-02   2.44629288    
   9.42000076E-02   2.46123290    
   9.48280022E-02   2.44485068    
   9.54560041E-02   2.45530081    
   9.60840061E-02   2.45276093    
   9.67120081E-02   2.44886470    
   9.73400027E-02   2.43719673    
   9.79680046E-02   2.45983958    
   9.85959992E-02   2.44004345    
   9.92240086E-02   2.43947530    
   9.98520032E-02   2.46372771    
  0.100480005       2.46801758    
  0.101108000       2.44537020    
  0.101736002       2.45474505    
  0.102364004       2.43504620    
  0.102992006       2.44650102    
  0.103620008       2.43894267    
  0.104247995       2.44216609    
  0.104876004       2.44789147    
  0.105504006       2.45218158    
  0.106132008       2.43880177    
  0.106759995       2.44573808    
  0.107387997       2.44297385    
  0.108016007       2.44726491    
  0.108644009       2.42881608    
  0.109272011       2.44561768    
  0.109899998       2.44198704    
  0.110528000       2.43563819    
  0.111156009       2.42790818    
  0.111784011       2.43097687    
  0.112411998       2.44658422    
  0.113040000       2.44973493    
  0.113668002       2.44064689    
  0.114296012       2.43681431    
  0.114923999       2.43542480    
  0.115552001       2.43855906    
  0.116180003       2.44346499    
  0.116808005       2.43598652    
  0.117435999       2.42866755    
  0.118064001       2.44014573    
  0.118692003       2.42786837    
  0.119320005       2.43464637    
  0.119948000       2.42853522    
  0.120576002       2.42880940    
  0.121204004       2.43999910    
  0.121832006       2.42035341    
  0.122460008       2.42527938    
  0.123088002       2.43398881    
  0.123716004       2.43086100    
  0.124344006       2.41638470    
  0.124972008       2.41974115    
  0.125599995       2.43741751    
  0.126228005       2.42931151    
  0.126855999       2.43300986    
  0.127484009       2.42404413    
  0.128112003       2.41719651    
  0.128739998       2.42303658    
  0.129368007       2.42708254    
  0.129996002       2.41081595    
  0.130623996       2.42540264    
  0.131252006       2.42461038    
  0.131880000       2.42924428    
  0.132508010       2.41952777    
  0.133136004       2.41417718    
  0.133763999       2.41173077    
  0.134392008       2.42106628    
  0.135020003       2.40954447    
  0.135648012       2.41421533    
  0.136276007       2.40589547    
  0.136904001       2.42124891    
  0.137532011       2.41567230    
  0.138160005       2.42138648    
  0.138788000       2.40784574    
  0.139416009       2.41047239    
  0.140044004       2.41747570    
  0.140672013       2.42884827    
  0.141299993       2.41979933    
  0.141928002       2.40738702    
  0.142556012       2.39879036    
  0.143184006       2.40747738    
  0.143812001       2.40795064    
  0.144439995       2.41828752    
  0.145068005       2.40936255    
  0.145696014       2.41212416    
  0.146323994       2.40077114    
  0.146952003       2.41997266    
  0.147579998       2.41691160    
  0.148208007       2.39809060    
  0.148836017       2.40216136    
  0.149463996       2.40310907    
  0.150092006       2.39344072    
  0.150720000       2.40190744    
  0.151348010       2.40105867    
  0.151976004       2.39751220    
  0.152603999       2.39691210    
  0.153232008       2.38777494    
  0.153860003       2.38686085    
  0.154487997       2.39886999    
  0.155116007       2.40800667    
  0.155744001       2.40086651    
  0.156372011       2.39308953    
  0.157000005       2.38804603    
  0.157628000       2.39577150    
  0.158256009       2.39893627    
  0.158884004       2.38419890    
  0.159511998       2.38530564    
  0.160140008       2.38334465    
  0.160768002       2.39009404    
  0.161396012       2.38715863    
  0.162024006       2.39005232    
  0.162652001       2.39692092    
  0.163280010       2.39185047    
  0.163908005       2.39135480    
  0.164536014       2.38736367    
  0.165164009       2.38263059    
  0.165792003       2.37730384    
  0.166420013       2.38376331    
  0.167048007       2.37184572    
  0.167676002       2.37196398    
  0.168304011       2.38309956    
  0.168932006       2.37875581    
  0.169560015       2.38623548    
  0.170187995       2.37220287    
  0.170816004       2.36703753    
  0.171444014       2.37048078    
  0.172072008       2.35747218    
  0.172700003       2.36582589    
  0.173327997       2.37662292    
  0.173956007       2.38174534    
  0.174584016       2.37156177    
  0.175212011       2.36856318    
  0.175840005       2.36829209    
  0.176468000       2.36149430    
  0.177096009       2.37399340    
  0.177724004       2.35941935    
  0.178351998       2.36338854    
  0.178980008       2.36579800    
  0.179608002       2.36159801    
  0.180236012       2.36778927    
  0.180864006       2.35801935    
  0.181492001       2.35883594    
  0.182120010       2.35334301    
  0.182748005       2.35571218    
  0.183375999       2.36186528    
  0.184004009       2.35154557    
  0.184632003       2.36508942    
  0.185260013       2.35320330    
  0.185888007       2.35601234    
  0.186516002       2.37511826    
  0.187144011       2.36040926    
  0.187772006       2.36761236    
  0.188400015       2.37273908    
  0.189028010       2.35501432    
  0.189656004       2.35058904    
  0.190284014       2.35412002    
  0.190912008       2.34592319    
  0.191540003       2.34196496    
  0.192168012       2.34015536    
  0.192796007       2.35036516    
  0.193424016       2.34014225    
  0.194051996       2.34506512    
  0.194680005       2.34590149    
  0.195308015       2.34549522    
  0.195936009       2.35025334    
  0.196564004       2.34393525    
  0.197191998       2.33192968    
  0.197820008       2.32733202    
  0.198448017       2.32620668    
  0.199075997       2.34647155    
  0.199704006       2.33011889    
  0.200332001       2.33163476    
  0.200960010       2.32565546    
  0.201588020       2.33095026    
  0.202215999       2.33781385    
  0.202844009       2.32794118    
  0.203472003       2.33003139    
  0.204100013       2.32072830    
  0.204728007       2.32876492    
  0.205356002       2.31819868    
  0.205984011       2.32497525    
  0.206612006       2.31978273    
  0.207240015       2.32393003    
  0.207868025       2.33438253    
  0.208495989       2.34090996    
  0.209123999       2.32000875    
  0.209752008       2.31439590    
  0.210380003       2.30678153    
  0.211008012       2.32535529    
  0.211636007       2.31243539    
  0.212264016       2.30351925    
  0.212892011       2.29420495    
  0.213519990       2.30488253    
  0.214148000       2.32192326    
  0.214775994       2.29973221    
  0.215404004       2.30883503    
  0.216032013       2.30688715    
  0.216660008       2.31555033    
  0.217288017       2.28960228    
  0.217916012       2.29675984    
  0.218544021       2.31136560    
  0.219172001       2.29937959    
  0.219799995       2.29446602    
  0.220428005       2.30530477    
  0.221055999       2.28667068    
  0.221684009       2.29953146    
  0.222312018       2.28696752    
  0.222940013       2.29738617    
  0.223568022       2.30522561    
  0.224196002       2.29909682    
  0.224823996       2.30159950    
  0.225452006       2.29184151    
  0.226080000       2.30565047    
  0.226708010       2.30564213    
  0.227336004       2.29323578    
  0.227964014       2.28545380    
  0.228592023       2.28388381    
  0.229220018       2.28809333    
  0.229847997       2.28631067    
  0.230476007       2.27738881    
  0.231104001       2.28265095    
  0.231732011       2.28611279    
  0.232360005       2.27945995    
  0.232988015       2.29060125    
  0.233616009       2.27605939    
  0.234244019       2.27123570    
  0.234871998       2.29575229    
  0.235499993       2.27981758    
  0.236128002       2.26771069    
  0.236756012       2.26078343    
  0.237384006       2.26675820    
  0.238012016       2.26592398    
  0.238640010       2.27349281    
  0.239268020       2.28205943    
  0.239895999       2.26472616    
  0.240523994       2.27467847    
  0.241152003       2.25833702    
  0.241779998       2.24913216    
  0.242408007       2.26259971    
  0.243036017       2.24588656    
  0.243664011       2.26518178    
  0.244292021       2.25726223    
  0.244920015       2.24215293    
  0.245547995       2.26680255    
  0.246176004       2.27159762    
  0.246803999       2.25512528    
  0.247432008       2.25114608    
  0.248060003       2.24713516    
  0.248688012       2.26123905    
  0.249316022       2.24007106    
  0.249944016       2.22724938    
  0.250571996       2.25261140    
  0.251199991       2.24714303    
  0.251828015       2.23037934    
  0.252456009       2.24420190    
  0.253084004       2.24446607    
  0.253711998       2.23656225    
  0.254340023       2.24037814    
  0.254968017       2.25143766    
  0.255596012       2.24617934    
  0.256224006       2.25035763    
  0.256852001       2.23914027    
  0.257479995       2.23583889    
  0.258108020       2.24492598    
  0.258736014       2.23178196    
  0.259364009       2.23738599    
  0.259992003       2.23866868    
  0.260620028       2.21332502    
  0.261247993       2.22791862    
  0.261875987       2.22933698    
  0.262504011       2.22644567    
  0.263132006       2.21118712    
  0.263760000       2.21681786    
  0.264388025       2.21257567    
  0.265016019       2.20083737    
  0.265644014       2.21517324    
  0.266272008       2.21244454    
  0.266900003       2.19635463    
  0.267527997       2.21707153    
  0.268155992       2.21775460    
  0.268784016       2.20036197    
  0.269412011       2.20259714    
  0.270040005       2.21343088    
  0.270668030       2.21243095    
  0.271296024       2.20901442    
  0.271923989       2.20860839    
  0.272552013       2.20830083    
  0.273180008       2.20958853    
  0.273808002       2.20046425    
  0.274435997       2.20000029    
  0.275064021       2.21013927    
  0.275692016       2.20783401    
  0.276320010       2.19600081    
  0.276948005       2.21040940    
  0.277575999       2.19003844    
  0.278203994       2.17928696    
  0.278832018       2.19528341    
  0.279460013       2.17845559    
  0.280088007       2.18802547    
  0.280716002       2.19323778    
  0.281344026       2.18908358    
  0.281972021       2.17225146    
  0.282599986       2.17613101    
  0.283228010       2.18152285    
  0.283856004       2.17893696    
  0.284483999       2.17734575    
  0.285112023       2.17309403    
  0.285740018       2.17590976    
  0.286368012       2.17761326    
  0.286996007       2.17711639    
  0.287624002       2.18215632    
  0.288251996       2.16677952    
  0.288879991       2.17566061    
  0.289508015       2.17264175    
  0.290136009       2.17358804    
  0.290764004       2.16790557    
  0.291392028       2.16017747    
  0.292020023       2.17930937    
  0.292647988       2.14143324    
  0.293276012       2.16414428    
  0.293904006       2.13767195    
  0.294532001       2.16228318    
  0.295159996       2.14293218    
  0.295788020       2.15480971    
  0.296416014       2.16830111    
  0.297044009       2.14555645    
