   4.99999970E-02   378.611816    
   5.49999997E-02   344.192535    
   5.99999987E-02   315.509827    
   6.49999976E-02   291.239838    
   7.00000003E-02   270.436981    
   7.49999955E-02   252.407883    
   7.99999982E-02   236.632370    
   8.50000009E-02   222.712814    
   8.99999961E-02   210.339890    
   9.49999988E-02   199.269363    
   9.99999940E-02   189.305908    
  0.104999997       180.291336    
  0.109999999       172.096268    
  0.114999995       164.613831    
  0.119999997       157.754913    
  0.125000000       151.444717    
  0.129999995       145.619919    
  0.134999990       140.226593    
  0.140000001       135.218491    
  0.144999996       130.555801    
  0.149999991       126.203941    
  0.155000001       122.132835    
  0.159999996       118.316185    
  0.164999992       114.730850    
  0.170000002       111.356407    
  0.174999997       108.174797    
  0.179999992       105.169945    
  0.185000002       102.327507    
  0.189999998       99.6346817    
  0.194999993       97.0799484    
  0.199999988       94.6529541    
  0.204999998       92.3443375    
  0.209999993       90.1456680    
  0.214999989       88.0492554    
  0.219999999       86.0481339    
  0.224999994       84.1359558    
  0.229999989       82.3069153    
  0.234999999       80.5557022    
  0.239999995       78.8774567    
  0.244999990       77.2677155    
  0.250000000       75.7223587    
  0.254999995       74.2376099    
  0.259999990       72.8099594    
  0.264999986       71.4361877    
  0.269999981       70.1132965    
  0.275000006       68.8385086    
  0.280000001       67.6092453    
  0.284999996       66.4231262    
  0.289999992       65.2779007    
  0.294999987       64.1714935    
  0.299999982       63.1019707    
  0.305000007       62.0675049    
  0.310000002       61.0664177    
  0.314999998       60.0971107    
  0.319999993       59.1580925    
  0.324999988       58.2479706    
  0.329999983       57.3654251    
  0.334999979       56.5092278    
  0.340000004       55.6782036    
  0.344999999       54.8712730    
  0.349999994       54.0873985    
  0.354999989       53.3256073    
  0.359999985       52.5849724    
  0.364999980       51.8646317    
  0.370000005       51.1637535    
  0.375000000       50.4815712    
  0.379999995       49.8173409    
  0.384999990       49.1703644    
  0.389999986       48.5399742    
  0.394999981       47.9255447    
  0.399999976       47.3264771    
  0.405000001       46.7421951    
  0.409999996       46.1721687    
  0.414999992       45.6158791    
  0.419999987       45.0728340    
  0.424999982       44.5425644    
  0.429999977       44.0246277    
  0.435000002       43.5185966    
  0.439999998       43.0240669    
  0.444999993       42.5406532    
  0.449999988       42.0679779    
  0.454999983       41.6056938    
  0.459999979       41.1534576    
  0.465000004       40.7109451    
  0.469999999       40.2778511    
  0.474999994       39.8538742    
  0.479999989       39.4387283    
  0.484999985       39.0321465    
  0.489999980       38.6338577    
  0.494999975       38.2436180    
  0.500000000       37.8611794    
  0.504999995       37.4863167    
  0.509999990       37.1188049    
  0.514999986       36.7584267    
  0.519999981       36.4049797    
  0.524999976       36.0582695    
  0.529999971       35.7180939    
  0.534999967       35.3842812    
  0.539999962       35.0566483    
  0.545000017       34.7350273    
  0.550000012       34.4192543    
  0.555000007       34.1091690    
  0.560000002       33.8046227    
  0.564999998       33.5054703    
  0.569999993       33.2115631    
  0.574999988       32.9227638    
  0.579999983       32.6389503    
  0.584999979       32.3599854    
  0.589999974       32.0857468    
  0.594999969       31.8161182    
  0.599999964       31.5509853    
  0.604999959       31.2902336    
  0.610000014       31.0337524    
  0.615000010       30.7814465    
  0.620000005       30.5332088    
  0.625000000       30.2889442    
  0.629999995       30.0485554    
  0.634999990       29.8119526    
  0.639999986       29.5790462    
  0.644999981       29.3497524    
  0.649999976       29.1239853    
  0.654999971       28.9016647    
  0.659999967       28.6827126    
  0.664999962       28.4670544    
  0.669999957       28.2546139    
  0.675000012       28.0453167    
  0.680000007       27.8391018    
  0.685000002       27.6358967    
  0.689999998       27.4356365    
  0.694999993       27.2382584    
  0.699999988       27.0436993    
  0.704999983       26.8519001    
  0.709999979       26.6628036    
  0.714999974       26.4763508    
  0.719999969       26.2924862    
  0.724999964       26.1111603    
  0.729999959       25.9323158    
  0.734999955       25.7559052    
  0.740000010       25.5818768    
  0.745000005       25.4101868    
  0.750000000       25.2407856    
  0.754999995       25.0736294    
  0.759999990       24.9086704    
  0.764999986       24.7458687    
  0.769999981       24.5851822    
  0.774999976       24.4265690    
  0.779999971       24.2699871    
  0.784999967       24.1154022    
  0.789999962       23.9627724    
  0.794999957       23.8120632    
  0.799999952       23.6632385    
  0.805000007       23.5162601    
  0.810000002       23.3710976    
  0.814999998       23.2277184    
  0.819999993       23.0860844    
  0.824999988       22.9461689    
  0.829999983       22.8079395    
  0.834999979       22.6713657    
  0.839999974       22.5364170    
  0.844999969       22.4030647    
  0.849999964       22.2712822    
  0.854999959       22.1410408    
  0.859999955       22.0123138    
  0.865000010       21.8850746    
  0.870000005       21.7592983    
  0.875000000       21.6349602    
  0.879999995       21.5120335    
  0.884999990       21.3904972    
  0.889999986       21.2703266    
  0.894999981       21.1514969    
  0.899999976       21.0339890    
  0.904999971       20.9177799    
  0.909999967       20.8028469    
  0.914999962       20.6891708    
  0.919999957       20.5767288    
  0.924999952       20.4655037    
  0.930000007       20.3554726    
  0.935000002       20.2466202    
  0.939999998       20.1389256    
  0.944999993       20.0323696    
  0.949999988       19.9269371    
  0.954999983       19.8226070    
  0.959999979       19.7193642    
  0.964999974       19.6171913    
  0.969999969       19.5160732    
  0.974999964       19.4159908    
  0.979999959       19.3169289    
  0.984999955       19.2188740    
  0.989999950       19.1218090    
  0.995000005       19.0257187    
   1.00000000       18.9305897    
 
   4.99999970E-02   23732.4297    
   5.49999997E-02   22647.4922    
   5.99999987E-02   21805.4238    
   6.49999976E-02   21147.2500    
   7.00000003E-02   20445.7773    
   7.49999955E-02   20083.4219    
   7.99999982E-02   19577.9355    
   8.50000009E-02   19265.3047    
   8.99999961E-02   19078.6055    
   9.49999988E-02   18704.9082    
   9.99999940E-02   18595.7695    
  0.104999997       18466.2012    
  0.109999999       18482.5625    
  0.114999995       18296.3184    
  0.119999997       17998.1230    
  0.125000000       17973.2656    
  0.129999995       17836.7793    
  0.134999990       17770.0332    
  0.140000001       17714.9961    
  0.144999996       17748.8242    
  0.149999991       17719.0605    
  0.155000001       17661.5938    
  0.159999996       17612.6230    
  0.164999992       17615.5898    
  0.170000002       17606.0234    
  0.174999997       17629.4180    
  0.179999992       17569.1191    
  0.185000002       17589.7324    
  0.189999998       17588.0527    
  0.194999993       17573.8613    
  0.199999988       17563.1074    
  0.204999998       17583.3242    
  0.209999993       17551.7930    
  0.214999989       17475.9824    
  0.219999999       17410.0703    
  0.224999994       17397.3730    
  0.229999989       17365.8750    
  0.234999999       17331.9062    
  0.239999995       17299.9375    
  0.244999990       17259.6699    
  0.250000000       17182.9141    
  0.254999995       17102.9473    
  0.259999990       17059.3047    
  0.264999986       16973.6699    
  0.269999981       16912.0586    
  0.275000006       16827.7676    
  0.280000001       16750.3516    
  0.284999996       16674.8145    
  0.289999992       16575.8789    
  0.294999987       16465.4785    
  0.299999982       16364.2539    
  0.305000007       16258.7744    
  0.310000002       16148.6299    
  0.314999998       16037.0557    
  0.319999993       15926.1543    
  0.324999988       15778.3408    
  0.329999983       15640.1582    
  0.334999979       15496.8340    
  0.340000004       15333.0635    
  0.344999999       15175.5361    
  0.349999994       15028.1074    
  0.354999989       14865.3438    
  0.359999985       14685.5615    
  0.364999980       14520.8047    
  0.370000005       14301.5469    
  0.375000000       14120.1641    
  0.379999995       13922.4443    
  0.384999990       13748.9258    
  0.389999986       13553.5137    
  0.394999981       13335.3721    
  0.399999976       13137.7471    
  0.405000001       12957.7959    
  0.409999996       12767.8936    
  0.414999992       12650.9131    
  0.419999987       12566.3428    
  0.424999982       12554.0527    
  0.429999977       12625.9375    
  0.435000002       12790.6338    
  0.439999998       13112.1924    
  0.444999993       13543.7207    
  0.449999988       13883.7920    
  0.454999983       14235.3750    
  0.459999979       14676.9775    
  0.465000004       15016.5830    
  0.469999999       15217.3857    
  0.474999994       15351.5361    
  0.479999989       15423.2168    
  0.484999985       15455.8125    
  0.489999980       15436.6094    
  0.494999975       15393.8662    
  0.500000000       15279.1250    
  0.504999995       15157.2568    
  0.509999990       14934.2822    
  0.514999986       14675.6436    
  0.519999981       14276.8340    
  0.524999976       13732.7295    
  0.529999971       13120.5850    
  0.534999967       13168.5176    
  0.539999962       15280.3672    
  0.545000017       16063.5566    
  0.550000012       16245.9248    
  0.555000007       16152.5762    
  0.560000002       15262.6504    
  0.564999998       18876.7344    
  0.569999993       19600.9121    
  0.574999988       19940.9160    
  0.579999983       20177.5547    
  0.584999979       20350.9551    
  0.589999974       20476.5488    
  0.594999969       20594.0391    
  0.599999964       20663.5977    
  0.604999959       20724.6582    
  0.610000014       20776.1172    
  0.615000010       20811.8711    
  0.620000005       20843.7227    
  0.625000000       20870.8281    
  0.629999995       20878.2246    
  0.634999990       20888.1211    
  0.639999986       20880.5586    
  0.644999981       20877.9688    
  0.649999976       20873.8242    
  0.654999971       20857.4375    
  0.659999967       20849.1270    
  0.664999962       20826.6445    
  0.669999957       20800.4707    
  0.675000012       20784.4453    
  0.680000007       20760.3906    
  0.685000002       20730.8828    
  0.689999998       20700.6543    
  0.694999993       20670.9512    
  0.699999988       20646.7441    
  0.704999983       20617.1914    
  0.709999979       20582.2520    
  0.714999974       20547.6562    
  0.719999969       20513.3301    
  0.724999964       20475.8828    
  0.729999959       20441.6191    
  0.734999955       20398.6270    
  0.740000010       20364.3320    
  0.745000005       20328.8809    
  0.750000000       20289.8730    
  0.754999995       20249.4746    
  0.759999990       20208.3340    
  0.764999986       20172.4160    
  0.769999981       20131.4590    
  0.774999976       20092.0781    
  0.779999971       20053.6582    
  0.784999967       20011.7012    
  0.789999962       19970.0918    
  0.794999957       19933.0332    
  0.799999952       19894.3965    
  0.805000007       19847.7383    
  0.810000002       19808.6953    
  0.814999998       19770.0078    
  0.819999993       19726.6309    
  0.824999988       19686.4355    
  0.829999983       19650.2812    
  0.834999979       19606.1074    
  0.839999974       19567.0215    
  0.844999969       19524.3418    
  0.849999964       19486.9316    
  0.854999959       19451.3594    
  0.859999955       19404.6094    
  0.865000010       19367.4219    
  0.870000005       19324.7754    
  0.875000000       19288.8008    
  0.879999995       19247.0547    
  0.884999990       19210.0801    
  0.889999986       19166.3906    
  0.894999981       19132.7188    
  0.899999976       19088.2129    
  0.904999971       19053.8438    
  0.909999967       19012.4004    
  0.914999962       18978.5000    
  0.919999957       18935.2109    
  0.924999952       18902.5391    
  0.930000007       18860.8184    
  0.935000002       18823.6543    
  0.939999998       18788.5078    
  0.944999993       18749.9297    
  0.949999988       18713.2617    
  0.954999983       18678.9590    
  0.959999979       18642.6758    
  0.964999974       18604.3633    
  0.969999969       18570.8320    
  0.974999964       18532.3477    
  0.979999959       18497.0781    
  0.984999955       18463.6719    
  0.989999950       18425.2129    
  0.995000005       18392.0918    
   1.00000000       18356.3594    
 
   4.99999970E-02   13379.1914    
   5.49999997E-02   13528.7930    
   5.99999987E-02   13622.6953    
   6.49999976E-02   13830.0684    
   7.00000003E-02   13893.9189    
   7.49999955E-02   13844.9736    
   7.99999982E-02   13860.1152    
   8.50000009E-02   14009.6533    
   8.99999961E-02   14088.4883    
   9.49999988E-02   14230.3379    
   9.99999940E-02   14344.4795    
  0.104999997       14527.3955    
  0.109999999       14632.7197    
  0.114999995       14760.4062    
  0.119999997       14643.5596    
  0.125000000       14881.0820    
  0.129999995       15011.4961    
  0.134999990       15127.6494    
  0.140000001       15366.9277    
  0.144999996       15420.8936    
  0.149999991       15573.7578    
  0.155000001       15953.9580    
  0.159999996       16021.2471    
  0.164999992       16237.4932    
  0.170000002       16477.2617    
  0.174999997       16692.7383    
  0.179999992       16957.0215    
  0.185000002       17234.2715    
  0.189999998       17491.4883    
  0.194999993       17732.5723    
  0.199999988       18102.4434    
  0.204999998       18317.6914    
  0.209999993       18389.7812    
  0.214999989       18717.6953    
  0.219999999       18954.0449    
  0.224999994       19127.9531    
  0.229999989       19440.6074    
  0.234999999       19715.4863    
  0.239999995       19821.1230    
  0.244999990       20050.7598    
  0.250000000       20167.2852    
  0.254999995       20235.4121    
  0.259999990       20347.8027    
  0.264999986       20380.9863    
  0.269999981       20447.6191    
  0.275000006       20454.1055    
  0.280000001       20448.7188    
  0.284999996       20444.7520    
  0.289999992       20312.0176    
  0.294999987       20242.3867    
  0.299999982       20124.8848    
  0.305000007       20033.6895    
  0.310000002       19887.2812    
  0.314999998       19734.8555    
  0.319999993       19581.1719    
  0.324999988       19386.8496    
  0.329999983       19155.4902    
  0.334999979       18949.1875    
  0.340000004       18715.5879    
  0.344999999       18420.1406    
  0.349999994       18162.1465    
  0.354999989       17794.3184    
  0.359999985       17419.7363    
  0.364999980       17107.1973    
  0.370000005       16748.1133    
  0.375000000       16293.8750    
  0.379999995       15895.3887    
  0.384999990       15553.4160    
  0.389999986       15366.3203    
  0.394999981       15447.2773    
  0.399999976       16120.1172    
  0.405000001       17273.2969    
  0.409999996       18690.0762    
  0.414999992       19753.1797    
  0.419999987       20379.6348    
  0.424999982       20541.5801    
  0.429999977       20600.0879    
  0.435000002       20543.5840    
  0.439999998       20377.9668    
  0.444999993       20033.6934    
  0.449999988       19381.8379    
  0.454999983       18107.6094    
  0.459999979       23122.7715    
  0.465000004       24859.1738    
  0.469999999       25454.2363    
  0.474999994       25776.9492    
  0.479999989       25996.4531    
  0.484999985       26141.3613    
  0.489999980       26236.3594    
  0.494999975       26283.6582    
  0.500000000       26309.1270    
  0.504999995       26304.9844    
  0.509999990       26294.0332    
  0.514999986       26273.8203    
  0.519999981       26250.3672    
  0.524999976       26193.4395    
  0.529999971       26154.4453    
  0.534999967       26108.9238    
  0.539999962       26069.7559    
  0.545000017       25992.3594    
  0.550000012       25941.4922    
  0.555000007       25884.4160    
  0.560000002       25812.1816    
  0.564999998       25757.6250    
  0.569999993       25679.3340    
  0.574999988       25616.2793    
  0.579999983       25542.0293    
  0.584999979       25462.3340    
  0.589999974       25386.3145    
  0.594999969       25319.4785    
  0.599999964       25246.3613    
  0.604999959       25165.5352    
  0.610000014       25090.1172    
  0.615000010       25004.5371    
  0.620000005       24928.0410    
  0.625000000       24851.2266    
  0.629999995       24776.2480    
  0.634999990       24699.2598    
  0.639999986       24623.8730    
  0.644999981       24539.7441    
  0.649999976       24463.6621    
  0.654999971       24390.8008    
  0.659999967       24304.9141    
  0.664999962       24229.0488    
  0.669999957       24155.9766    
  0.675000012       24078.3594    
  0.680000007       24004.8555    
  0.685000002       23920.5801    
  0.689999998       23850.0566    
  0.694999993       23779.5391    
  0.699999988       23695.8789    
  0.704999983       23627.4805    
  0.709999979       23553.2910    
  0.714999974       23475.4219    
  0.719999969       23408.4453    
  0.724999964       23338.1738    
  0.729999959       23263.3047    
  0.734999955       23197.4375    
  0.740000010       23127.9062    
  0.745000005       23053.8457    
  0.750000000       22988.1465    
  0.754999995       22916.1445    
  0.759999990       22848.6465    
  0.764999986       22786.3262    
  0.769999981       22714.8047    
  0.774999976       22652.9980    
  0.779999971       22581.6348    
  0.784999967       22523.6816    
  0.789999962       22452.3145    
  0.794999957       22391.9648    
  0.799999952       22324.8652    
  0.805000007       22264.7480    
  0.810000002       22199.5254    
  0.814999998       22132.7168    
  0.819999993       22076.3223    
  0.824999988       22011.6406    
  0.829999983       21954.5664    
  0.834999979       21891.5020    
  0.839999974       21834.3301    
  0.844999969       21774.9824    
  0.849999964       21717.1406    
  0.854999959       21657.1016    
  0.859999955       21599.1660    
  0.865000010       21544.3867    
  0.870000005       21484.8242    
  0.875000000       21432.0215    
  0.879999995       21373.8984    
  0.884999990       21315.9473    
  0.889999986       21266.8535    
  0.894999981       21208.9180    
  0.899999976       21156.8672    
  0.904999971       21101.5957    
  0.909999967       21048.1680    
  0.914999962       20998.4805    
  0.919999957       20944.8770    
  0.924999952       20892.6328    
  0.930000007       20842.7988    
  0.935000002       20790.7559    
  0.939999998       20740.2617    
  0.944999993       20692.5742    
  0.949999988       20642.4121    
  0.954999983       20590.4941    
  0.959999979       20544.7461    
  0.964999974       20495.2871    
  0.969999969       20447.4316    
  0.974999964       20397.6699    
  0.979999959       20354.8379    
  0.984999955       20305.5488    
  0.989999950       20258.3203    
  0.995000005       20215.3496    
   1.00000000       20168.5957    
 
   4.99999970E-02   36033.7773    
   5.49999997E-02   33777.6836    
   5.99999987E-02   32067.9219    
   6.49999976E-02   30429.4414    
   7.00000003E-02   29293.1992    
   7.49999955E-02   27937.5078    
   7.99999982E-02   26474.2500    
   8.50000009E-02   25702.4473    
   8.99999961E-02   24730.0879    
   9.49999988E-02   24058.3906    
   9.99999940E-02   23305.5723    
  0.104999997       22515.7383    
  0.109999999       22031.7754    
  0.114999995       21571.6133    
  0.119999997       21035.1797    
  0.125000000       20414.9102    
  0.129999995       20036.7852    
  0.134999990       19646.3164    
  0.140000001       19256.0215    
  0.144999996       18910.5117    
  0.149999991       18607.2891    
  0.155000001       18420.5039    
  0.159999996       18304.8672    
  0.164999992       18123.8398    
  0.170000002       18064.9199    
  0.174999997       18095.8145    
  0.179999992       18199.5703    
  0.185000002       18404.3965    
  0.189999998       18822.7383    
  0.194999993       19276.0879    
  0.199999988       19656.0430    
  0.204999998       20067.1465    
  0.209999993       20910.3027    
  0.214999989       21668.9688    
  0.219999999       22678.0723    
  0.224999994       23675.1113    
  0.229999989       24697.1816    
  0.234999999       25588.0957    
  0.239999995       26376.4941    
  0.244999990       26938.2598    
  0.250000000       27523.3867    
  0.254999995       27885.9160    
  0.259999990       28188.5156    
  0.264999986       28342.8691    
  0.269999981       28413.0801    
  0.275000006       28322.3164    
  0.280000001       28142.6309    
  0.284999996       27933.8398    
  0.289999992       27649.3770    
  0.294999987       27308.7598    
  0.299999982       26929.2363    
  0.305000007       26453.3223    
  0.310000002       25840.9590    
  0.314999998       25187.3262    
  0.319999993       24341.3848    
  0.324999988       23419.2383    
  0.329999983       22519.3262    
  0.334999979       23753.8242    
  0.340000004       32267.3633    
  0.344999999       33725.7422    
  0.349999994       34142.4336    
  0.354999989       34972.5508    
  0.359999985       35251.1562    
  0.364999980       35408.0938    
  0.370000005       35474.1211    
  0.375000000       35494.2773    
  0.379999995       35432.3125    
  0.384999990       35366.0430    
  0.389999986       35251.0000    
  0.394999981       35131.3945    
  0.399999976       35013.1719    
  0.405000001       34854.0742    
  0.409999996       34701.9375    
  0.414999992       34543.0547    
  0.419999987       34385.2305    
  0.424999982       34220.4961    
  0.429999977       34055.9766    
  0.435000002       33884.1289    
  0.439999998       33707.9844    
  0.444999993       33536.9883    
  0.449999988       33369.8359    
  0.454999983       33198.1836    
  0.459999979       33022.7617    
  0.465000004       32837.6094    
  0.469999999       32672.0645    
  0.474999994       32500.2441    
  0.479999989       32330.0078    
  0.484999985       32153.7344    
  0.489999980       31988.7988    
  0.494999975       31822.3125    
  0.500000000       31655.7695    
  0.504999995       31493.9570    
  0.509999990       31327.8184    
  0.514999986       31168.9414    
  0.519999981       31012.8145    
  0.524999976       30851.4824    
  0.529999971       30698.6855    
  0.534999967       30540.8086    
  0.539999962       30389.6660    
  0.545000017       30235.1660    
  0.550000012       30088.4688    
  0.555000007       29939.6328    
  0.560000002       29795.5703    
  0.564999998       29649.7207    
  0.569999993       29512.7227    
  0.574999988       29369.3242    
  0.579999983       29230.8945    
  0.584999979       29093.3965    
  0.589999974       28960.0547    
  0.594999969       28825.4844    
  0.599999964       28693.6055    
  0.604999959       28562.1250    
  0.610000014       28434.1094    
  0.615000010       28309.1641    
  0.620000005       28183.8828    
  0.625000000       28053.7402    
  0.629999995       27935.1250    
  0.634999990       27812.6055    
  0.639999986       27694.0586    
  0.644999981       27579.0195    
  0.649999976       27457.9062    
  0.654999971       27345.4062    
  0.659999967       27228.9336    
  0.664999962       27115.5742    
  0.669999957       27007.0332    
  0.675000012       26896.0879    
  0.680000007       26787.4512    
  0.685000002       26683.1270    
  0.689999998       26576.8438    
  0.694999993       26470.0449    
  0.699999988       26366.4180    
  0.704999983       26267.6016    
  0.709999979       26165.6172    
  0.714999974       26066.2812    
  0.719999969       25969.5293    
  0.724999964       25872.6582    
  0.729999959       25774.3477    
  0.734999955       25678.2754    
  0.740000010       25585.7031    
  0.745000005       25490.7949    
  0.750000000       25400.2812    
  0.754999995       25312.4570    
  0.759999990       25217.8945    
  0.764999986       25130.4668    
  0.769999981       25040.0820    
  0.774999976       24953.7852    
  0.779999971       24869.6172    
  0.784999967       24782.9121    
  0.789999962       24700.8789    
  0.794999957       24619.2695    
  0.799999952       24535.3398    
  0.805000007       24456.9824    
  0.810000002       24374.7324    
  0.814999998       24294.4160    
  0.819999993       24213.0430    
  0.824999988       24138.2793    
  0.829999983       24061.2227    
  0.834999979       23985.0664    
  0.839999974       23911.4199    
  0.844999969       23834.9883    
  0.849999964       23762.1270    
  0.854999959       23686.9902    
  0.859999955       23616.5234    
  0.865000010       23543.3027    
  0.870000005       23473.7090    
  0.875000000       23403.7344    
  0.879999995       23335.6797    
  0.884999990       23266.5840    
  0.889999986       23198.5625    
  0.894999981       23131.0918    
  0.899999976       23065.4590    
  0.904999971       22999.0898    
  0.909999967       22934.4844    
  0.914999962       22867.4902    
  0.919999957       22804.1680    
  0.924999952       22741.0098    
  0.930000007       22680.1992    
  0.935000002       22615.7734    
  0.939999998       22554.9922    
  0.944999993       22494.2637    
  0.949999988       22432.7285    
  0.954999983       22375.1074    
  0.959999979       22316.1816    
  0.964999974       22256.8027    
  0.969999969       22198.0234    
  0.974999964       22141.1777    
  0.979999959       22082.4160    
  0.984999955       22027.5820    
  0.989999950       21971.1738    
  0.995000005       21916.3477    
   1.00000000       21861.5801    
 
