   1.00000005E-03   20.3394718    
   2.00000009E-03   22.9485779    
   3.00000003E-03   24.3633080    
   4.00000019E-03   23.4952869    
   4.99999989E-03   20.9563446    
   6.00000005E-03   18.9141178    
   7.00000022E-03   19.5367699    
   8.00000038E-03   22.0975876    
   8.99999961E-03   24.0701027    
   9.99999978E-03   23.9076881    
   1.09999999E-02   21.7482548    
   1.20000001E-02   19.3703690    
   1.30000003E-02   19.1976070    
   1.40000004E-02   21.4166241    
   1.49999997E-02   23.6973610    
   1.60000008E-02   24.1101952    
   1.70000009E-02   22.3359318    
   1.79999992E-02   19.7521534    
   1.89999994E-02   18.8640232    
   1.99999996E-02   20.7076836    
   2.09999997E-02   23.3082066    
   2.19999999E-02   24.3959618    
   2.30000000E-02   23.1847019    
   2.40000002E-02   20.5815201    
   2.50000004E-02   18.9077988    
   2.60000005E-02   19.9607716    
   2.70000007E-02   22.5040264    
   2.80000009E-02   24.0767155    
   2.89999992E-02   23.4291096    
   2.99999993E-02   21.0132351    
   3.09999995E-02   18.8813210    
   3.20000015E-02   19.3086262    
   3.29999998E-02   21.8285141    
   3.40000018E-02   23.9385605    
   3.50000001E-02   23.9715080    
   3.59999985E-02   21.9303551    
   3.70000005E-02   19.4824924    
   3.79999988E-02   19.1131153    
   3.90000008E-02   21.2715912    
   3.99999991E-02   23.6963577    
   4.10000011E-02   24.3343563    
   4.19999994E-02   22.7134094    
   4.30000015E-02   20.0634460    
   4.39999998E-02   18.8729496    
   4.50000018E-02   20.4822598    
   4.60000001E-02   23.1210175    
   4.69999984E-02   24.4138451    
   4.80000004E-02   23.4121189    
   4.89999987E-02   20.8758831    
   5.00000007E-02   19.0560474    
   5.09999990E-02   19.9336414    
   5.20000011E-02   22.5162182    
   5.29999994E-02   24.3120975    
   5.40000014E-02   23.9273224    
   5.49999997E-02   21.6587887    
   5.60000017E-02   19.4145088    
   5.70000000E-02   19.5247059    
   5.79999983E-02   21.8470783    
   5.90000004E-02   23.9739285    
   5.99999987E-02   24.1069870    
   6.10000007E-02   22.0952225    
   6.19999990E-02   19.5041962    
   6.30000010E-02   18.9124012    
   6.40000030E-02   21.0481014    
   6.49999976E-02   23.6761189    
   6.59999996E-02   24.5843334    
   6.70000017E-02   23.1428928    
   6.80000037E-02   20.4433880    
   6.89999983E-02   18.9599037    
   7.00000003E-02   20.3347149    
   7.10000023E-02   23.0158920    
   7.19999969E-02   24.5104179    
   7.29999989E-02   23.6868706    
   7.40000010E-02   21.1502838    
   7.50000030E-02   19.0944157    
   7.59999976E-02   19.7358570    
   7.69999996E-02   22.3501568    
   7.80000016E-02   24.3656712    
   7.90000036E-02   24.1953373    
   7.99999982E-02   21.9654465    
   8.10000002E-02   19.4892941    
   8.20000023E-02   19.2936707    
   8.29999968E-02   21.6090355    
   8.39999989E-02   24.0200882    
   8.50000009E-02   24.5197678    
   8.60000029E-02   22.7517967    
   8.69999975E-02   20.0900803    
   8.79999995E-02   19.0932713    
   8.90000015E-02   20.8962307    
   9.00000036E-02   23.5233822    
   9.09999982E-02   24.6303730    
   9.20000002E-02   23.3839836    
   9.30000022E-02   20.6985893    
   9.39999968E-02   18.9873848    
   9.49999988E-02   20.1496735    
   9.60000008E-02   22.8829975    
   9.70000029E-02   24.6107311    
   9.79999974E-02   24.0249958    
   9.89999995E-02   21.5636444    
  0.100000001       19.3150349    
  0.101000004       19.6655521    
  0.101999998       22.2190285    
  0.103000000       24.3955173    
  0.104000002       24.4287109    
  0.104999997       22.2691097    
  0.105999999       19.6135426    
  0.107000001       19.1155872    
  0.108000003       21.3644199    
  0.108999997       23.9739151    
  0.109999999       24.7366447    
  0.111000001       23.0959148    
  0.112000003       20.2645664    
  0.112999998       18.8537903    
  0.114000000       20.4410820    
  0.115000002       23.2433910    
  0.115999997       24.7180176    
  0.116999999       23.8062878    
  0.118000001       21.2302113    
  0.119000003       19.2930698    
  0.119999997       20.1362915    
  0.120999999       22.8238926    
  0.122000001       24.7479305    
  0.123000003       24.4009495    
  0.123999998       22.0226593    
  0.125000000       19.5637398    
  0.126000002       19.5710716    
  0.127000004       22.0449429    
  0.128000006       24.4323864    
  0.128999993       24.7686405    
  0.129999995       22.7985268    
  0.130999997       20.0369396    
  0.131999999       19.1623573    
  0.133000001       21.1781673    
  0.134000003       23.8937397    
  0.135000005       24.9434376    
  0.136000007       23.5732403    
  0.136999995       20.8175144    
  0.137999997       19.1987667    
  0.138999999       20.5381546    
  0.140000001       23.3340912    
  0.141000003       24.9746857    
  0.142000005       24.2135353    
  0.143000007       21.5936260    
  0.143999994       19.3457470    
  0.144999996       19.8917065    
  0.145999998       22.6313133    
  0.147000000       24.8605785    
  0.148000002       24.8407574    
  0.149000004       22.5963154    
  0.150000006       19.9058552    
  0.150999993       19.4460793    
  0.151999995       21.7160873    
  0.152999997       24.2791233    
  0.153999999       24.9597607    
  0.155000001       23.2781639    
  0.156000003       20.5432224    
  0.157000005       19.3665257    
  0.158000007       21.0937748    
  0.158999994       23.8167191    
  0.159999996       25.0734386    
  0.160999998       23.9164639    
  0.162000000       21.1958904    
  0.163000003       19.3455696    
  0.164000005       20.4290829    
  0.165000007       23.2447643    
  0.165999994       25.1194458    
  0.166999996       24.6259537    
  0.167999998       22.1268654    
  0.169000000       19.7106457    
  0.170000002       19.9254093    
  0.171000004       22.5451756    
  0.172000006       24.9143944    
  0.172999993       25.1264877    
  0.173999995       23.0311069    
  0.174999997       20.2641926    
  0.175999999       19.5403175    
  0.177000001       21.6803017    
  0.178000003       24.3648510    
  0.179000005       25.2719688    
  0.180000007       23.7469158    
  0.180999994       20.9518318    
  0.181999996       19.4942436    
  0.182999998       21.0352192    
  0.184000000       23.8647919    
  0.185000002       25.3832684    
  0.186000004       24.4460220    
  0.187000006       21.7244568    
  0.187999994       19.5675983    
  0.188999996       20.3138657    
  0.189999998       23.1154861    
  0.191000000       25.2282410    
  0.192000002       25.0101585    
  0.193000004       22.6288109    
  0.194000006       20.0302277    
  0.194999993       19.8945827    
  0.195999995       22.3973389    
  0.196999997       24.9420586    
  0.197999999       25.4378548    
  0.199000001       23.5470047    
  0.200000003       20.7499237    
