   4.18666704E-03   0.00000000    
   8.37333407E-03   0.00000000    
   1.25599997E-02   0.00000000    
   1.67466681E-02   0.00000000    
   2.09333338E-02   0.00000000    
   2.51199994E-02   0.00000000    
   2.93066688E-02   0.00000000    
   3.34933363E-02   0.00000000    
   3.76800001E-02   0.00000000    
   4.18666676E-02   0.00000000    
   4.60533351E-02   0.00000000    
   5.02399988E-02   0.00000000    
   5.44266663E-02   0.00000000    
   5.86133376E-02   0.00000000    
   6.28000051E-02   0.00000000    
   6.69866726E-02   0.00000000    
   7.11733326E-02   0.00000000    
   7.53600001E-02   0.00000000    
   7.95466751E-02   0.00000000    
   8.37333351E-02   0.00000000    
   8.79200026E-02   0.00000000    
   9.21066701E-02   0.00000000    
   9.62933376E-02   0.00000000    
  0.100479998       0.00000000    
  0.104666665       0.00000000    
  0.108853333       0.00000000    
  0.113040008       0.00000000    
  0.117226675       0.00000000    
  0.121413343       0.00000000    
  0.125600010       0.00000000    
  0.129786670       0.00000000    
  0.133973345       0.00000000    
  0.138160005       0.00000000    
  0.142346665       0.00000000    
  0.146533340       0.00000000    
  0.150720000       0.00000000    
  0.154906660       0.00000000    
  0.159093350       0.00000000    
  0.163280010       0.00000000    
  0.167466670       0.00000000    
  0.171653345       0.00000000    
  0.175840005       0.00000000    
  0.180026665       0.00000000    
  0.184213340       0.00000000    
  0.188400000       0.00000000    
  0.192586675       0.00000000    
  0.196773335       0.00000000    
  0.200959995       0.00000000    
  0.205146670       0.00000000    
  0.209333330       0.00000000    
