  0.100000001       0.00000000    
  0.200000003       10.6530399    
  0.300000012       10.6528883    
  0.400000006       10.6527023    
  0.500000000       10.6523619    
  0.600000024       10.6519833    
  0.699999988       10.6515236    
  0.800000012       10.6509352    
  0.900000036       10.6502781    
   1.00000000       10.6495171    
   1.10000002       10.6487036    
   1.20000005       10.6477928    
   1.30000007       10.6467562    
   1.39999998       10.6456852    
   1.50000000       10.6444883    
   1.60000002       10.6432199    
   1.70000005       10.6418800    
   1.80000007       10.6404619    
   1.89999998       10.6388912    
   2.00000000       10.6373100    
   2.10000014       10.6355686    
   2.20000005       10.6338234    
   2.29999995       10.6319294    
   2.40000010       10.6299772    
   2.50000000       10.6279278    
   2.60000014       10.6257944    
   2.70000005       10.6235933    
   2.79999995       10.6212683    
   2.90000010       10.6188917    
   3.00000000       10.6164093    
   3.10000014       10.6138706    
   3.20000005       10.6112404    
   3.29999995       10.6084890    
   3.40000010       10.6057224    
   3.50000000       10.6028013    
   3.60000014       10.5998077    
   3.70000005       10.5967674    
   3.79999995       10.5936565    
   3.90000010       10.5904341    
   4.00000000       10.5871248    
   4.09999990       10.5837202    
   4.20000029       10.5802679    
   4.30000019       10.5767374    
   4.40000010       10.5730782    
   4.50000000       10.5693550    
   4.59999990       10.5655842    
   4.70000029       10.5617142    
   4.80000019       10.5577555    
   4.90000010       10.5537500    
   5.00000000       10.5496368    
